10 9
15 11
32 16
55 1
56 2
57 3
58 4
59 5
64 61
66 12
70 16
71 17
72 18
73 19
74 20
75 21
76 22
77 23
82 28
83 29
84 30
85 31
86 16
87 33
92 38
93 39
96 42
97 43
98 44
99 45
108 54
109 1
110 2
111 3
113 5
119 117
122 115
124 16
125 17
126 18
127 19
128 20
129 21
130 22
131 23
136 28
137 29
138 30
139 31
140 16
141 33
146 38
147 39
150 42
151 43
152 44
153 45
162 54
163 1
164 2
165 3
167 5
172 169
173 169
178 16
179 17
180 18
181 19
182 20
183 21
184 22
185 23
190 28
191 29
192 30
193 31
194 16
195 33
200 38
201 39
202 177
204 42
205 43
206 44
207 45
216 54
217 1
218 2
219 3
221 5
226 223
227 223
232 16
233 17
234 18
235 19
236 20
237 21
238 22
239 23
244 28
245 29
246 30
247 31
248 16
249 33
254 38
255 39
258 42
259 43
260 44
261 45
270 54
271 1
272 2
273 3
275 5
280 277
281 277
286 16
287 17
288 18
289 19
290 20
291 21
292 22
293 23
298 28
299 29
300 30
301 31
302 16
303 33
308 38
309 39
312 42
313 43
314 44
315 45
324 54
325 1
326 2
327 3
328 4
329 5
330 60
331 61
334 61
335 11
336 12
337 13
339 333
340 16
341 17
342 18
343 19
344 20
345 21
346 22
347 23
352 28
353 29
354 30
355 31
356 16
357 33
362 38
363 39
366 42
367 43
368 44
369 45
378 54