10 7
15 11
55 1
56 2
57 3
58 4
59 5
64 61
65 11
66 12
70 16
71 17
72 18
73 19
74 20
75 21
76 22
77 23
82 28
83 29
84 30
85 31
86 32
92 38
93 39
96 42
97 43
98 44
99 45
108 54
109 1
110 2
111 3
113 5
119 116
124 16
125 17
126 18
127 19
128 20
129 21
130 22
131 23
136 28
137 29
138 30
139 31
140 32
146 38
147 39
150 42
151 43
152 44
153 45
162 54
163 1
164 2
165 3
167 5
172 169
173 171
178 16
179 17
180 18
181 19
182 20
183 21
184 22
185 23
190 28
191 29
192 30
193 31
194 32
200 38
201 39
204 42
205 43
206 44
207 45
216 54